7.730474044329974093e-02 1.043504847547650355e-01 1.353352832366127023e-01 1.686381472685954952e-01 2.018965179946553834e-01 2.322362747297588292e-01 2.566607769535558803e-01 2.725317930340125927e-01 2.780373004531941361e-01 2.725317930340125927e-01 2.566607769535558803e-01 2.322362747297588292e-01 2.018965179946553834e-01 1.686381472685954952e-01 1.353352832366127023e-01 1.043504847547650355e-01 7.730474044329974093e-02 5.502322005640720992e-02 3.762825680717619969e-02 2.472352647033938811e-02 1.560755791998283057e-02 9.466462401710323132e-03 5.516564420760771553e-03 3.088715408236768732e-03 1.661557273173933915e-03 8.587780939743364875e-04 4.264565806856534494e-04 2.034683690106441685e-04 9.327112346494880401e-05 4.107955522530072401e-05
1.043504847547650355e-01 1.408584209210450022e-01 1.826835240527346638e-01 2.276376883838127363e-01 2.725317930340125927e-01 3.134861808826053253e-01 3.464558103300574010e-01 3.678794411714423340e-01 3.753110988513995716e-01 3.678794411714423340e-01 3.464558103300574010e-01 3.134861808826053253e-01 2.725317930340125927e-01 2.276376883838127363e-01 1.826835240527346638e-01 1.408584209210450022e-01 1.043504847547650355e-01 7.427357821433387686e-02 5.079283386489850255e-02 3.337326996032607962e-02 2.106799952304143353e-02 1.277838764953577282e-02 7.446583070924338126e-03 4.169329697904111502e-03 2.242867719485803352e-03 1.159229173904591367e-03 5.756561714872755709e-04 2.746535699721425368e-04 1.259028475016698374e-04 5.545159943217694513e-05
1.353352832366127023e-01 1.826835240527346638e-01 2.369277586821217640e-01 2.952301669240142146e-01 3.534546819587801592e-01 4.065696597405991652e-01 4.493289641172216187e-01 4.771139155210343819e-01 4.867522559599716803e-01 4.771139155210343819e-01 4.493289641172216187e-01 4.065696597405991652e-01 3.534546819587801592e-01 2.952301669240142146e-01 2.369277586821217640e-01 1.826835240527346638e-01 1.353352832366127023e-01 9.632763823049303453e-02 6.587475442640297607e-02 4.328279790196591648e-02 2.732372244729256924e-02 1.657267540176125473e-02 9.657697627537776761e-03 5.407329126440959914e-03 2.908842625812584071e-03 1.503439192977572367e-03 7.465858083766792027e-04 3.562064783070343580e-04 1.632871909218080639e-04 7.191684765732888447e-05
1.686381472685954952e-01 2.276376883838127363e-01 2.952301669240142146e-01 3.678794411714423340e-01 4.404316545059992483e-01 5.066169923655896579e-01 5.598983665654020392e-01 5.945205479701943796e-01 6.065306597126334243e-01 5.945205479701943796e-01 5.598983665654020392e-01 5.066169923655896579e-01 4.404316545059992483e-01 3.678794411714423340e-01 2.952301669240142146e-01 2.276376883838127363e-01 1.686381472685954952e-01 1.200316285114567255e-01 8.208499862389879997e-02 5.393368730035601882e-02 3.404745473459934446e-02 2.065082518171256626e-02 1.203423228472377468e-02 6.737946999085467001e-03 3.624641108965755750e-03 1.873400594222423329e-03 9.303032032049490157e-04 4.438606039028740197e-04 2.034683690106441685e-04 8.961391040299517604e-05
2.018965179946553834e-01 2.725317930340125927e-01 3.534546819587801592e-01 4.404316545059992483e-01 5.272924240430485465e-01 6.065306597126334243e-01 6.703200460356393275e-01 7.117703227626096529e-01 7.261490370736909394e-01 7.117703227626096529e-01 6.703200460356393275e-01 6.065306597126334243e-01 5.272924240430485465e-01 4.404316545059992483e-01 3.534546819587801592e-01 2.725317930340125927e-01 2.018965179946553834e-01 1.437039497777028996e-01 9.827358560436154356e-02 6.457034689316849818e-02 4.076220397836622517e-02 2.472352647033939851e-02 1.440759184311234987e-02 8.066787139099614382e-03 4.339483270738894727e-03 2.242867719485801183e-03 1.113775147844802381e-03 5.313976217982529365e-04 2.435958642256187906e-04 1.072873295117080037e-04
2.322362747297588292e-01 3.134861808826053253e-01 4.065696597405991652e-01 5.066169923655896579e-01 6.065306597126334243e-01 6.976763260710310277e-01 7.710515858035662529e-01 8.187307530779818210e-01 8.352702114112720011e-01 8.187307530779818210e-01 7.710515858035662529e-01 6.976763260710310277e-01 6.065306597126334243e-01 5.066169923655896579e-01 4.065696597405991652e-01 3.134861808826053253e-01 2.322362747297588292e-01 1.652988882215865318e-01 1.130415306404498471e-01 7.427357821433387686e-02 4.688769521998848583e-02 2.843882471418450464e-02 1.657267540176125473e-02 9.279013887064743726e-03 4.991593906910216961e-03 2.579911972027179937e-03 1.281146370384211300e-03 6.112527611295728424e-04 2.802019401287120172e-04 1.234098040866795612e-04
2.566607769535558803e-01 3.464558103300574010e-01 4.493289641172216187e-01 5.598983665654020392e-01 6.703200460356393275e-01 7.710515858035662529e-01 8.521437889662113463e-01 9.048374180359595176e-01 9.231163463866357555e-01 9.048374180359595176e-01 8.521437889662113463e-01 7.710515858035662529e-01 6.703200460356393275e-01 5.598983665654020392e-01 4.493289641172216187e-01 3.464558103300574010e-01 2.566607769535558803e-01 1.826835240527346083e-01 1.249302121985824132e-01 8.208499862389879997e-02 5.181891717272583270e-02 3.142976201836771011e-02 1.831563888873417867e-02 1.025489629640402231e-02 5.516564420760771553e-03 2.851243682679632276e-03 1.415885710346802186e-03 6.755387751938443869e-04 3.096710354186262264e-04 1.363889264820113991e-04
2.725317930340125927e-01 3.678794411714423340e-01 4.771139155210343819e-01 5.945205479701943796e-01 7.117703227626096529e-01 8.187307530779818210e-01 9.048374180359595176e-01 9.607894391523231770e-01 9.801986733067552526e-01 9.607894391523231770e-01 9.048374180359595176e-01 8.187307530779818210e-01 7.117703227626096529e-01 5.945205479701943796e-01 4.771139155210343819e-01 3.678794411714423340e-01 2.725317930340125927e-01 1.939800422908918853e-01 1.326554650801217150e-01 8.716085146198129796e-02 5.502322005640723074e-02 3.337326996032607962e-02 1.944821474538539069e-02 1.088902366855445079e-02 5.857689713335622467e-03 3.027554745375815332e-03 1.503439192977572367e-03 7.173117601093141312e-04 3.288200228140399496e-04 1.448227466826880006e-04
2.780373004531941361e-01 3.753110988513995716e-01 4.867522559599716803e-01 6.065306597126334243e-01 7.261490370736909394e-01 8.352702114112720011e-01 9.231163463866357555e-01 9.801986733067552526e-01 1.000000000000000000e+00 9.801986733067552526e-01 9.231163463866357555e-01 8.352702114112720011e-01 7.261490370736909394e-01 6.065306597126334243e-01 4.867522559599716803e-01 3.753110988513995716e-01 2.780373004531941361e-01 1.978986990836146542e-01 1.353352832366127023e-01 8.892161745938634287e-02 5.613476283413372514e-02 3.404745473459934446e-02 1.984109474437028772e-02 1.110899653824230608e-02 5.976022895005942727e-03 3.088715408236768732e-03 1.533810679324463036e-03 7.318024188804727725e-04 3.354626279025118532e-04 1.477483602320336378e-04
2.725317930340125927e-01 3.678794411714423340e-01 4.771139155210343819e-01 5.945205479701943796e-01 7.117703227626096529e-01 8.187307530779818210e-01 9.048374180359595176e-01 9.607894391523231770e-01 9.801986733067552526e-01 9.607894391523231770e-01 9.048374180359595176e-01 8.187307530779818210e-01 7.117703227626096529e-01 5.945205479701943796e-01 4.771139155210343819e-01 3.678794411714423340e-01 2.725317930340125927e-01 1.939800422908918853e-01 1.326554650801217150e-01 8.716085146198129796e-02 5.502322005640723074e-02 3.337326996032607962e-02 1.944821474538539069e-02 1.088902366855445079e-02 5.857689713335622467e-03 3.027554745375815332e-03 1.503439192977572367e-03 7.173117601093141312e-04 3.288200228140399496e-04 1.448227466826880006e-04
2.566607769535558803e-01 3.464558103300574010e-01 4.493289641172216187e-01 5.598983665654020392e-01 6.703200460356393275e-01 7.710515858035662529e-01 8.521437889662113463e-01 9.048374180359595176e-01 9.231163463866357555e-01 9.048374180359595176e-01 8.521437889662113463e-01 7.710515858035662529e-01 6.703200460356393275e-01 5.598983665654020392e-01 4.493289641172216187e-01 3.464558103300574010e-01 2.566607769535558803e-01 1.826835240527346083e-01 1.249302121985824132e-01 8.208499862389879997e-02 5.181891717272583270e-02 3.142976201836771011e-02 1.831563888873417867e-02 1.025489629640402231e-02 5.516564420760771553e-03 2.851243682679632276e-03 1.415885710346802186e-03 6.755387751938443869e-04 3.096710354186262264e-04 1.363889264820113991e-04
2.322362747297588292e-01 3.134861808826053253e-01 4.065696597405991652e-01 5.066169923655896579e-01 6.065306597126334243e-01 6.976763260710310277e-01 7.710515858035662529e-01 8.187307530779818210e-01 8.352702114112720011e-01 8.187307530779818210e-01 7.710515858035662529e-01 6.976763260710310277e-01 6.065306597126334243e-01 5.066169923655896579e-01 4.065696597405991652e-01 3.134861808826053253e-01 2.322362747297588292e-01 1.652988882215865318e-01 1.130415306404498471e-01 7.427357821433387686e-02 4.688769521998848583e-02 2.843882471418450464e-02 1.657267540176125473e-02 9.279013887064743726e-03 4.991593906910216961e-03 2.579911972027179937e-03 1.281146370384211300e-03 6.112527611295728424e-04 2.802019401287120172e-04 1.234098040866795612e-04
2.018965179946553834e-01 2.725317930340125927e-01 3.534546819587801592e-01 4.404316545059992483e-01 5.272924240430485465e-01 6.065306597126334243e-01 6.703200460356393275e-01 7.117703227626096529e-01 7.261490370736909394e-01 7.117703227626096529e-01 6.703200460356393275e-01 6.065306597126334243e-01 5.272924240430485465e-01 4.404316545059992483e-01 3.534546819587801592e-01 2.725317930340125927e-01 2.018965179946553834e-01 1.437039497777028996e-01 9.827358560436154356e-02 6.457034689316849818e-02 4.076220397836622517e-02 2.472352647033939851e-02 1.440759184311234987e-02 8.066787139099614382e-03 4.339483270738894727e-03 2.242867719485801183e-03 1.113775147844802381e-03 5.313976217982529365e-04 2.435958642256187906e-04 1.072873295117080037e-04
1.686381472685954952e-01 2.276376883838127363e-01 2.952301669240142146e-01 3.678794411714423340e-01 4.404316545059992483e-01 5.066169923655896579e-01 5.598983665654020392e-01 5.945205479701943796e-01 6.065306597126334243e-01 5.945205479701943796e-01 5.598983665654020392e-01 5.066169923655896579e-01 4.404316545059992483e-01 3.678794411714423340e-01 2.952301669240142146e-01 2.276376883838127363e-01 1.686381472685954952e-01 1.200316285114567255e-01 8.208499862389879997e-02 5.393368730035601882e-02 3.404745473459934446e-02 2.065082518171256626e-02 1.203423228472377468e-02 6.737946999085467001e-03 3.624641108965755750e-03 1.873400594222423329e-03 9.303032032049490157e-04 4.438606039028740197e-04 2.034683690106441685e-04 8.961391040299517604e-05
1.353352832366127023e-01 1.826835240527346638e-01 2.369277586821217640e-01 2.952301669240142146e-01 3.534546819587801592e-01 4.065696597405991652e-01 4.493289641172216187e-01 4.771139155210343819e-01 4.867522559599716803e-01 4.771139155210343819e-01 4.493289641172216187e-01 4.065696597405991652e-01 3.534546819587801592e-01 2.952301669240142146e-01 2.369277586821217640e-01 1.826835240527346638e-01 1.353352832366127023e-01 9.632763823049303453e-02 6.587475442640297607e-02 4.328279790196591648e-02 2.732372244729256924e-02 1.657267540176125473e-02 9.657697627537776761e-03 5.407329126440959914e-03 2.908842625812584071e-03 1.503439192977572367e-03 7.465858083766792027e-04 3.562064783070343580e-04 1.632871909218080639e-04 7.191684765732888447e-05
1.043504847547650355e-01 1.408584209210450022e-01 1.826835240527346638e-01 2.276376883838127363e-01 2.725317930340125927e-01 3.134861808826053253e-01 3.464558103300574010e-01 3.678794411714423340e-01 3.753110988513995716e-01 3.678794411714423340e-01 3.464558103300574010e-01 3.134861808826053253e-01 2.725317930340125927e-01 2.276376883838127363e-01 1.826835240527346638e-01 1.408584209210450022e-01 1.043504847547650355e-01 7.427357821433387686e-02 5.079283386489850255e-02 3.337326996032607962e-02 2.106799952304143353e-02 1.277838764953577282e-02 7.446583070924338126e-03 4.169329697904111502e-03 2.242867719485803352e-03 1.159229173904591367e-03 5.756561714872755709e-04 2.746535699721425368e-04 1.259028475016698374e-04 5.545159943217694513e-05
7.730474044329974093e-02 1.043504847547650355e-01 1.353352832366127023e-01 1.686381472685954952e-01 2.018965179946553834e-01 2.322362747297588292e-01 2.566607769535558803e-01 2.725317930340125927e-01 2.780373004531941361e-01 2.725317930340125927e-01 2.566607769535558803e-01 2.322362747297588292e-01 2.018965179946553834e-01 1.686381472685954952e-01 1.353352832366127023e-01 1.043504847547650355e-01 7.730474044329974093e-02 5.502322005640720992e-02 3.762825680717619969e-02 2.472352647033938811e-02 1.560755791998283057e-02 9.466462401710323132e-03 5.516564420760771553e-03 3.088715408236768732e-03 1.661557273173933915e-03 8.587780939743364875e-04 4.264565806856534494e-04 2.034683690106441685e-04 9.327112346494880401e-05 4.107955522530072401e-05
5.502322005640720992e-02 7.427357821433387686e-02 9.632763823049303453e-02 1.200316285114567255e-01 1.437039497777028996e-01 1.652988882215865318e-01 1.826835240527346083e-01 1.939800422908918853e-01 1.978986990836146542e-01 1.939800422908918853e-01 1.826835240527346083e-01 1.652988882215865318e-01 1.437039497777028996e-01 1.200316285114567255e-01 9.632763823049303453e-02 7.427357821433387686e-02 5.502322005640720992e-02 3.916389509898706572e-02 2.678267649263817510e-02 1.759747241562339276e-02 1.110899653824230608e-02 6.737946999085467001e-03 3.926526838305624198e-03 2.198455963042531339e-03 1.182647156615572719e-03 6.112527611295723003e-04 3.035391380788662343e-04 1.448227466826880006e-04 6.638761765307773122e-05 2.923920828165669808e-05
3.762825680717619969e-02 5.079283386489850255e-02 6.587475442640297607e-02 8.208499862389879997e-02 9.827358560436154356e-02 1.130415306404498471e-01 1.249302121985824132e-01 1.326554650801217150e-01 1.353352832366127023e-01 1.326554650801217150e-01 1.249302121985824132e-01 1.130415306404498471e-01 9.827358560436154356e-02 8.208499862389879997e-02 6.587475442640297607e-02 5.079283386489850255e-02 3.762825680717619969e-02 2.678267649263817510e-02 1.831563888873417867e-02 1.203423228472377468e-02 7.597014027577566990e-03 4.607821929992751871e-03 2.685200176953820520e-03 1.503439192977572367e-03 8.087667511241114103e-04 4.180121746110129267e-04 2.075787027177175223e-04 9.903868763242715039e-05 4.539992976248485417e-05 1.999556617974735650e-05
2.472352647033938811e-02 3.337326996032607962e-02 4.328279790196591648e-02 5.393368730035601882e-02 6.457034689316849818e-02 7.427357821433387686e-02 8.208499862389879997e-02 8.716085146198129796e-02 8.892161745938634287e-02 8.716085146198129796e-02 8.208499862389879997e-02 7.427357821433387686e-02 6.457034689316849818e-02 5.393368730035601882e-02 4.328279790196591648e-02 3.337326996032607962e-02 2.472352647033938811e-02 1.759747241562339276e-02 1.203423228472377468e-02 7.907054051593441490e-03 4.991593906910216961e-03 3.027554745375815332e-03 1.764302236834335491e-03 9.878299405312294685e-04 5.313976217982529365e-04 2.746535699721425368e-04 1.363889264820113991e-04 6.507305474754294375e-05 2.982987947026761997e-05 1.313802316880450471e-05
1.560755791998283057e-02 2.106799952304143353e-02 2.732372244729256924e-02 3.404745473459934446e-02 4.076220397836622517e-02 4.688769521998848583e-02 5.181891717272583270e-02 5.502322005640723074e-02 5.613476283413372514e-02 5.502322005640723074e-02 5.181891717272583270e-02 4.688769521998848583e-02 4.076220397836622517e-02 3.404745473459934446e-02 2.732372244729256924e-02 2.106799952304143353e-02 1.560755791998283057e-02 1.110899653824230608e-02 7.597014027577566990e-03 4.991593906910216961e-03 3.151111598444441414e-03 1.911245796632637679e-03 1.113775147844803248e-03 6.236008859994444714e-04 3.354626279025118532e-04 1.733843069035055715e-04 8.610009871634035142e-05 4.107955522530072401e-05 1.883111505702277067e-05 8.293819160757370432e-06
9.466462401710323132e-03 1.277838764953577282e-02 1.657267540176125473e-02 2.065082518171256626e-02 2.472352647033939851e-02 2.843882471418450464e-02 3.142976201836771011e-02 3.337326996032607962e-02 3.404745473459934446e-02 3.337326996032607962e-02 3.142976201836771011e-02 2.843882471418450464e-02 2.472352647033939851e-02 2.065082518171256626e-02 1.657267540176125473e-02 1.277838764953577282e-02 9.466462401710323132e-03 6.737946999085467001e-03 4.607821929992751871e-03 3.027554745375815332e-03 1.911245796632637679e-03 1.159229173904591367e-03 6.755387751938443869e-04 3.782330567826257565e-04 2.034683690106441685e-04 1.051628980500009345e-04 5.222234967574477621e-05 2.491600973150320429e-05 1.142164863866052527e-05 5.030455607111448314e-06
5.516564420760771553e-03 7.446583070924338126e-03 9.657697627537776761e-03 1.203423228472377468e-02 1.440759184311234987e-02 1.657267540176125473e-02 1.831563888873417867e-02 1.944821474538539069e-02 1.984109474437028772e-02 1.944821474538539069e-02 1.831563888873417867e-02 1.657267540176125473e-02 1.440759184311234987e-02 1.203423228472377468e-02 9.657697627537776761e-03 7.446583070924338126e-03 5.516564420760771553e-03 3.926526838305624198e-03 2.685200176953820520e-03 1.764302236834335491e-03 1.113775147844803248e-03 6.755387751938443869e-04 3.936690406550782907e-04 2.204146528301471398e-04 1.185708364543390319e-04 6.128349505322213276e-05 3.043248300840362453e-05 1.451976112716679900e-05 6.655945783409173496e-06 2.931489213689130711e-06
3.088715408236768732e-03 4.169329697904111502e-03 5.407329126440959914e-03 6.737946999085467001e-03 8.066787139099614382e-03 9.279013887064743726e-03 1.025489629640402231e-02 1.088902366855445079e-02 1.110899653824230608e-02 1.088902366855445079e-02 1.025489629640402231e-02 9.279013887064743726e-03 8.066787139099614382e-03 6.737946999085467001e-03 5.407329126440959914e-03 4.169329697904111502e-03 3.088715408236768732e-03 2.198455963042531339e-03 1.503439192977572367e-03 9.878299405312294685e-04 6.236008859994444714e-04 3.782330567826257565e-04 2.204146528301471398e-04 1.234098040866795612e-04 6.638761765307773122e-05 3.431252877771790724e-05 1.703909752693454053e-05 8.129590538020525553e-06 3.726653172078670938e-06 1.641336022348639053e-06
1.661557273173933915e-03 2.242867719485803352e-03 2.908842625812584071e-03 3.624641108965755750e-03 4.339483270738894727e-03 4.991593906910216961e-03 5.516564420760771553e-03 5.857689713335622467e-03 5.976022895005942727e-03 5.857689713335622467e-03 5.516564420760771553e-03 4.991593906910216961e-03 4.339483270738894727e-03 3.624641108965755750e-03 2.908842625812584071e-03 2.242867719485803352e-03 1.661557273173933915e-03 1.182647156615572719e-03 8.087667511241114103e-04 5.313976217982529365e-04 3.354626279025118532e-04 2.034683690106441685e-04 1.185708364543390319e-04 6.638761765307773122e-05 3.571284964163521167e-05 1.845823399578055813e-05 9.166087736247601901e-06 4.373268009850434223e-06 2.004732344764268575e-06 8.829475834462177728e-07
8.587780939743364875e-04 1.159229173904591367e-03 1.503439192977572367e-03 1.873400594222423329e-03 2.242867719485801183e-03 2.579911972027179937e-03 2.851243682679632276e-03 3.027554745375815332e-03 3.088715408236768732e-03 3.027554745375815332e-03 2.851243682679632276e-03 2.579911972027179937e-03 2.242867719485801183e-03 1.873400594222423329e-03 1.503439192977572367e-03 1.159229173904591367e-03 8.587780939743364875e-04 6.112527611295723003e-04 4.180121746110129267e-04 2.746535699721425368e-04 1.733843069035055715e-04 1.051628980500009345e-04 6.128349505322213276e-05 3.431252877771790724e-05 1.845823399578055813e-05 9.540162873079230664e-06 4.737504678547570576e-06 2.260329406981054240e-06 1.036148587690085240e-06 4.563526367903985906e-07
4.264565806856534494e-04 5.756561714872755709e-04 7.465858083766792027e-04 9.303032032049490157e-04 1.113775147844802381e-03 1.281146370384211300e-03 1.415885710346802186e-03 1.503439192977572367e-03 1.533810679324463036e-03 1.503439192977572367e-03 1.415885710346802186e-03 1.281146370384211300e-03 1.113775147844802381e-03 9.303032032049490157e-04 7.465858083766792027e-04 5.756561714872755709e-04 4.264565806856534494e-04 3.035391380788662343e-04 2.075787027177175223e-04 1.363889264820113991e-04 8.610009871634035142e-05 5.222234967574477621e-05 3.043248300840362453e-05 1.703909752693454053e-05 9.166087736247601901e-06 4.737504678547570576e-06 2.352575200009770914e-06 1.122446365234344150e-06 5.145361611911212295e-07 2.266180127765709914e-07
2.034683690106441685e-04 2.746535699721425368e-04 3.562064783070343580e-04 4.438606039028740197e-04 5.313976217982529365e-04 6.112527611295728424e-04 6.755387751938443869e-04 7.173117601093141312e-04 7.318024188804727725e-04 7.173117601093141312e-04 6.755387751938443869e-04 6.112527611295728424e-04 5.313976217982529365e-04 4.438606039028740197e-04 3.562064783070343580e-04 2.746535699721425368e-04 2.034683690106441685e-04 1.448227466826880006e-04 9.903868763242715039e-05 6.507305474754294375e-05 4.107955522530072401e-05 2.491600973150320429e-05 1.451976112716679900e-05 8.129590538020525553e-06 4.373268009850434223e-06 2.260329406981054240e-06 1.122446365234344150e-06 5.355347802793108681e-07 2.454923625430583411e-07 1.081226074034257639e-07
9.327112346494880401e-05 1.259028475016698374e-04 1.632871909218080639e-04 2.034683690106441685e-04 2.435958642256187906e-04 2.802019401287120172e-04 3.096710354186262264e-04 3.288200228140399496e-04 3.354626279025118532e-04 3.288200228140399496e-04 3.096710354186262264e-04 2.802019401287120172e-04 2.435958642256187906e-04 2.034683690106441685e-04 1.632871909218080639e-04 1.259028475016698374e-04 9.327112346494880401e-05 6.638761765307773122e-05 4.539992976248485417e-05 2.982987947026761997e-05 1.883111505702277067e-05 1.142164863866052527e-05 6.655945783409173496e-06 3.726653172078670938e-06 2.004732344764268575e-06 1.036148587690085240e-06 5.145361611911212295e-07 2.454923625430583411e-07 1.125351747192591165e-07 4.956405319172498118e-08
4.107955522530072401e-05 5.545159943217694513e-05 7.191684765732888447e-05 8.961391040299517604e-05 1.072873295117080037e-04 1.234098040866795612e-04 1.363889264820113991e-04 1.448227466826880006e-04 1.477483602320336378e-04 1.448227466826880006e-04 1.363889264820113991e-04 1.234098040866795612e-04 1.072873295117080037e-04 8.961391040299517604e-05 7.191684765732888447e-05 5.545159943217694513e-05 4.107955522530072401e-05 2.923920828165669808e-05 1.999556617974735650e-05 1.313802316880450471e-05 8.293819160757370432e-06 5.030455607111448314e-06 2.931489213689130711e-06 1.641336022348639053e-06 8.829475834462177728e-07 4.563526367903985906e-07 2.266180127765709914e-07 1.081226074034257639e-07 4.956405319172498118e-08 2.182957795125478127e-08
